Multistrand 2.2

sodium        :  1 M
magnesium     :  0 M
temperature   :  298.15 K
rate method   :  3  (1: Metropolis, 2: Kawasaki, 3: Arrhenius)
dangles       :  2  (0: none, 1: some, 2: all)
GT pairing    :  1  (0: disabled, 1: enabled)
concentration :  1 M
Nupack params :  /home/opc/anaconda3/envs/release/lib/python3.10/site-packages/nupack/parameters/dna04-nupack3.json

Kinetic parameters:
  type          End        Loop       Stack  StackStack     LoopEnd    StackEnd   StackLoop
  A      1.2965e+01  1.6424e+01  1.4184e+01  8.0457e+00  2.4224e+00  1.7524e+01  5.8106e+00
  E      3.4980e+00  4.4614e+00  5.2869e+00 -6.2712e-01  8.4934e-02  2.6559e+00 -1.1276e+00
  R      1.3584e+06  5.3080e+07  3.7097e+04  8.0873e+07  9.5396e+01  2.1242e+11  5.0138e+06

        dS_A        dH_A     biScale        kUni
 -0.0000e+00 -0.0000e+00  1.6006e-02  1.0000e+00

Rate matrix [ concentration . k_bi . k_uni(l,r) ]:
  2.1742e+04  1.3591e+05  3.5931e+03  1.6777e+05  1.8221e+02  8.5980e+06  4.1772e+04
  1.3591e+05  8.4962e+05  2.2461e+04  1.0487e+06  1.1390e+03  5.3747e+07  2.6112e+05
  3.5931e+03  2.2461e+04  5.9378e+02  2.7724e+04  3.0111e+01  1.4209e+06  6.9031e+03
  1.6777e+05  1.0487e+06  2.7724e+04  1.2945e+06  1.4059e+03  6.6342e+07  3.2231e+05
  1.8221e+02  1.1390e+03  3.0111e+01  1.4059e+03  1.5269e+00  7.2053e+04  3.5006e+02
  8.5980e+06  5.3747e+07  1.4209e+06  6.6342e+07  7.2053e+04  3.4000e+09  1.6518e+07
  4.1772e+04  2.6112e+05  6.9031e+03  3.2231e+05  3.5006e+02  1.6518e+07  8.0252e+04
